0.24955458069224867
0.15465748054267225
0.8723480134762854
0.7785925454575509
0.6040788600094311
0.6715694113715812
0.7785925454575509
0.6040788600094311
0.6715694113715812
0.4437409707881706
0.919059098301463
0.8222268963726655
0.5064431447475135
0.17783296167479073
0.8550202287310078
0.60082190263075
0.5988219300887816
0.7893848540883737
0.60082190263075
0.5988219300887816
0.7893848540883737
0.4437409707881706
0.919059098301463
0.8222268963726655
0.5064431447475135
0.17783296167479073
0.8550202287310078
0.60082190263075
0.5988219300887816
0.7893848540883737
0.60082190263075
0.5988219300887816
0.7893848540883737
0.4437409707881706
0.919059098301463
0.8222268963726655
0.6035363397954744
0.5600337705541861
0.8299596701791978
0.5931914843033637
0.3972867214875207
0.872446370395448
0.423051259803949
0.5935650001681322
0.907200296805166
0.4333961152960598
0.7563120492347977
0.8647135965889158
