0.6097431997705206
0.5383833200957003
0.3884466096558151
0.7633317088027782
0.20100844280690922
0.8376924439857301
0.08277081080511972
0.9861215575293552
0.9767081496246021
0.7191244677173384
0.3482016260746186
0.24399941233441802
0.245796552814045
0.5140872014534663
0.29193261350734045
0.24955458069224867
0.15465748054267225
0.8723480134762854
0.12720442284363764
0.4928742339834179
0.9030122873034376
0.843932584045956
0.6208910460994624
0.7466069976114331
0.9258167407836294
0.32200939936602657
0.5681257418412669
0.6313683501314723
0.8861483206528357
0.7750130809018956
0.08867463246256757
0.13897930320994456
0.2938117270346491
0.5175490880839503
0.7751179110809057
0.22294389075277832
0.3153665619067981
0.12216061897523156
0.23950009473165912
0.3087350655636806
0.8735087002907859
0.9578285695211445
0.4029621362613359
0.8508725960141583
0.44721235277541194
0.2561135914448689
0.9519698759500905
0.8694407118434356
