0.7633317088027782
0.20100844280690922
0.8376924439857301
0.24955458069224867
0.15465748054267225
0.8723480134762854
0.9258167407836294
0.32200939936602657
0.5681257418412669
0.3153665619067981
0.12216061897523156
0.23950009473165912
0.423051259803949
0.5935650001681322
0.907200296805166
0.24767556675314684
0.3343723409980693
0.5821403134918129
0.7785925454575509
0.6040788600094311
0.6715694113715812
0.2857400766758335
0.537065247462661
0.5544704032875474
0.423051259803949
0.5935650001681322
0.907200296805166
0.24767556675314684
0.3343723409980693
0.5821403134918129
0.7785925454575509
0.6040788600094311
0.6715694113715812
0.2857400766758335
0.537065247462661
0.5544704032875474
0.19906868635595892
0.5541410882522934
0.6081041221781306
0.16428368180958236
0.7501043794914107
0.6343203815659713
0.43858245147275865
0.700117761053151
0.533472847204618
0.4437409707881706
0.919059098301463
0.8222268963726655
